[gd_scene load_steps=9 format=2]

[ext_resource path="res://scripts/scene_base.gd" type="Script" id=1]
[ext_resource path="res://scripts/camera.gd" type="Script" id=2]
[ext_resource path="res://MeshLib/terrain_1.meshlib" type="MeshLibrary" id=3]
[ext_resource path="res://prefabs/Player.tscn" type="PackedScene" id=4]
[ext_resource path="res://MeshLib/tree.meshlib" type="MeshLibrary" id=5]
[ext_resource path="res://scene/ui.tscn" type="PackedScene" id=6]

[sub_resource type="CubeMesh" id=1]

[sub_resource type="SpatialMaterial" id=2]
albedo_color = Color( 0.521569, 0.521569, 0.521569, 1 )

[node name="Scene_base" type="Spatial"]
transform = Transform( 1, 0, 0, 0, 1, 0, 0, 0, 1, 0.0025959, 0.0189905, 0.000811577 )
script = ExtResource( 1 )

[node name="GridMap" type="GridMap" parent="."]
mesh_library = ExtResource( 3 )
cell_size = Vector3( 24, 2, 2 )
data = {
"cells": PoolIntArray( 0, 0, 0, 1, 0, 0, 2, 0, 0, 65532, 0, 0, 65533, 0, 0, 65534, 0, 0, 65535, 0, 0, 0, 1, 2, 1, 1, 2, 2, 1, 2, 65532, 1, 2, 65533, 1, 2, 65534, 1, 2, 65535, 1, 2, 0, 2, 2, 1, 2, 2, 2, 2, 2, 65532, 2, 2, 65533, 2, 2, 65534, 2, 2, 65535, 2, 2, 0, 3, 2, 1, 3, 2, 2, 3, 2, 65532, 3, 2, 65533, 3, 2, 65534, 3, 2, 65535, 3, 2, 0, 4, 1, 1, 4, 1, 2, 4, 1, 65532, 4, 1, 65533, 4, 1, 65534, 4, 1, 65535, 4, 1, 0, 5, 0, 1, 5, 0, 2, 5, 0, 65532, 5, 0, 65533, 5, 0, 65534, 5, 0, 65535, 5, 0, 0, 6, 1, 1, 6, 1, 2, 6, 1, 65532, 6, 1, 65533, 6, 1, 65534, 6, 1, 65535, 6, 1, 0, 7, 0, 1, 7, 0, 2, 7, 0, 65532, 7, 0, 65533, 7, 0, 65534, 7, 0, 65535, 7, 0 )
}
__meta__ = {
"_editor_clip_": 0,
"_editor_floor_": Vector3( 0, 0, 0 )
}

[node name="Tree" type="GridMap" parent="."]
transform = Transform( 1, 0, 0, 0, 1, 0, 0, 0, 1, 0, 2, 0 )
mesh_library = ExtResource( 5 )
__meta__ = {
"_editor_clip_": 0
}

[node name="cam" type="KinematicBody" parent="."]
transform = Transform( 1, 0, 0, 0, 1, 0, 0, 0, 1, 1, 0, -3 )
script = ExtResource( 2 )
speed = 3.0

[node name="MeshInstance" type="MeshInstance" parent="cam"]
transform = Transform( 1, 0, 0, 0, 1, 0, 0, 0, 1, 0.0470001, 4, -2 )
mesh = SubResource( 1 )
skeleton = NodePath("../..")
material/0 = SubResource( 2 )

[node name="Camera2" type="Camera" parent="cam"]
transform = Transform( -1, 6.50648e-08, -1.36258e-07, 0, 0.902397, 0.430905, 1.50996e-07, 0.430905, -0.902397, 0, 20, 0 )
current = true

[node name="Camera" type="Camera" parent="cam"]
transform = Transform( -4.24672e-08, 0.395401, -0.918509, -1.03547e-08, 0.918509, 0.395401, 1, 2.63025e-08, -3.49122e-08, -16.3342, 13.3096, -0.477001 )
current = true
fov = 60.0

[node name="Camera3" type="Camera" parent="cam"]
transform = Transform( -0.965926, 0.166366, -0.198267, 0, 0.766044, 0.642788, 0.258819, 0.620885, -0.739942, -5, 15, 0 )
projection = 1
size = 20.0

[node name="Player" parent="." instance=ExtResource( 4 )]
transform = Transform( 1, 0, 0, 0, 1, 0, 0, 0, 1, 1, 3, 0.902 )

[node name="DirectionalLight" type="DirectionalLight" parent="."]
transform = Transform( -0.272734, -0.424588, -0.863332, 1.35496e-07, -0.897351, 0.441318, -0.96209, 0.120362, 0.244738, 0, 16.5202, 0 )
shadow_enabled = true

[node name="Control" parent="." instance=ExtResource( 6 )]
